373
194
828
417
39
61
803
818
959
421
475
15
321
638
574
881
554
290
575
916
637
725
564
202
444
408
700
806
353
30
767
113
310
848
656
932
944
94
911
908
91
336
648
127
722
919
16
4
1015
455
782
337
617
225
576
279
510
715
836
859
797
869
548
205
369
503
140
897
523
565
960
34
295
73
556
967
272
774
492
214
178
334
545
590
647
101
535
370
77
251
891
557
121
627
603
287
435
791
234
372
355
788
615
364
756
416
397
963
658
154
568
204
798
422
958
993
427
607
509
698
852
365
710
198
443
597
342
284
609
651
825
918
875
216
781
382
770
156
850
995
591
494
439
665
893
478
282
207
626
925
460
785
904
945
1012
864
673
285
360
655
707
773
830
633
632
811
809
652
451
921
105
988
407
90
868
248
702
701
302
271
175
470
920
184
52
199
895
543
746
62
203
374
166
8
182
315
398
776
816
136
326
442
528
711
799
308
468
350
385
394
853
434
972
645
452
239
359
206
618
872
445
594
111
318
687
264
768
845
459
390
171
521
415
401
411
106
739
831
706
335
300
792
858
448
95
453
814
314
107
961
170
50
120
991
378
323
582
328
377
495
879
348
167
714
903
650
469
413
566
296
584
974
844
740
1004
763
887
540
744
235
663
47
596
56
220
884
518
159
471
339
934
215
550
1009
1013
332
854
686
122
748
730
661
924
253
10
210
688
363
297
883
67
396
508
705
1007
391
98
80
935
280
423
777
761
257
299
262
956
1005
324
512
484
474
786
659
223
472
1002
414
59
92
1008
150
733
976
765
151
313
343
815
888
771
639
148
808
72
376
745
381
635
586
841
87
18
676
130
623
899
252
137
99
21
356
499
984
404
153
179
273
847
592
0
913
133
560
406
922
795
128
69
664
22
678
621
488
606
691
822
579
923
346
117
51
544
245
644
928
496
462
180
519
250
125
525
874
240
254
261
24
517
81
970
389
682
832
425
717
110
208
507
123
27
405
431
709
97
849
366
195
534
403
464
971
600
361
936
362
734
449
173
732
217
89
185
933
227
572
630
532
432
696
587
294
693
481
312
480
677
229
946
134
135
741
873
704
736
917
461
388
699
981
882
438
68
79
48
694
520
71
145
70
624
546
141
49
943
713
642
563
894
886
789
542
338
679
228
743
857
863
653
115
522
812
762
719
429
454
671
749
843
889
750
293
660
826
539
862
634
973
829
942
441
447
139
794
669
878
269
977
927
622
982
430
805
721
236
555
169
720
955
838
322
13
482
292
833
351
6
537
890
515
82
583
947
896
36
246
410
306
779
347
502
757
800
65
790
729
29
823
957
629
458
906
60
283
589
536
824
752
641
463
196
57
588
612
286
601
1003
238
672
383
964
331
708
393
218
684
939
149
400
3
349
585
990
801
103
275
177
9
871
755
426
176
375
979
999
662
100
446
598
567
327
595
529
835
680
989
55
910
674
183
636
14
914
780
501
821
424
504
476
399
578
311
33
861
978
516
712
276
827
26
952
1006
804
573
303
301
309
738
531
716
951
144
898
138
31
126
58
558
616
950
119
613
191
513
147
244
268
289
281
74
163
412
569
433
96
926
132
88
570
456
84
599
530
1000
371
1001
778
580
66
526
232
395
793
41
851
473
358
333
907
728
211
45
941
901
994
316
259
165
76
450
760
820
5
270
172
938
855
867
23
996
265
249
987
718
63
837
610
93
384
419
158
19
200
28
164
266
112
189
514
242
737
577
772
602
912
505
654
666
486
129
657
402
277
354
551
2
255
992
697
846
243
562
813
649
436
344
224
758
487
541
143
190
929
263
304
1
222
931
775
937
681
885
703
181
670
319
142
477
966
985
152
866
902
409
219
25
467
102
53
753
85
428
298
524
317
307
593
796
511
571
258
193
187
625
146
834
690
274
500
628
754
288
954
291
278
533
418
631
620
330
209
465
38
233
124
643
387
783
329
726
547
43
695
237
724
46
118
817
54
379
759
980
953
975
11
42
231
608
930
675
12
892
880
784
614
940
766
7
197
1011
751
37
604
162
116
161
386
17
876
787
802
109
909
64
860
819
35
479
1010
20
685
367
948
483
491
457
969
731
742
104
186
692
915
842
108
683
619
900
968
490
392
78
260
807
160
668
368
840
226
856
247
267
86
870
489
320
40
221
561
155
437
549
581
747
485
131
877
506
498
305
341
256
83
241
32
986
689
962
559
380
168
157
538
769
192
188
640
174
75
352
735
865
764
949
810
440
1014
611
905
552
201
965
497
340
727
44
493
212
983
230
646
997
553
527
213
723
357
466
839
420
345
114
667
998
605
325
