677
730
915
1311
1446
1496
1504
1571
1649
1830
1900
2938
3411
3500
3508
3612
3788
3928
3953
4761
4824
5129
5151
5343
5388
5496
5931
5951
5813
1353
3507
4352
3498
4722
5871
3764
4626
1684
3648
5395
1940
3962
625
907
3445
5191
4636
3028
4947
2083
1256
876
5503
993
4604
5188
5377
5502
4926
2635
1665
468
3960
3334
1898
4913
1119
850
4249
4839
4709
5581
1991
2792
5612
988
4959
1137
1083
2958
5602
2700
2044
1439
1821
103
4666
5456
2089
2964
2061
1907
3697
2895
4969
5979
417
4928
3596
2875
4295
3236
5382
4952
4607
409
1140
1845
19
1333
766
5195
983
1992
690
3651
4756
1225
3404
5980
3744
953
1251
4997
12
5965
2933
5829
1029
1361
5917
5736
1639
5739
2437
1369
2065
3443
2818
3619
5843
5271
2713
601
1495
1151
169
2133
5247
5600
921
253
5473
4719
4385
3288
3912
4598
1054
3275
5437
4108
2305
3701
2556
4625
2000
3754
5625
5546
1007
2691
1981
4620
4162
445
749
4255
3931
1812
2013
1064
5006
1914
3692
2708
4345
3310
245
656
843
3453
5894
5284
1601
1335
5504
2769
4149
2177
1811
4665
2316
4262
3600
1273
2729
4788
2207
5154
5451
2829
200
4931
4411
3745
4971
4227
5644
1870
2157
3482
5048
1524
2463
4980
4920
4429
758
5755
3131
3556
990
1031
5806
1000
2259
2452
1973
5454
5062
5531
4312
4156
2596
4921
3326
3273
5726
3300
437
1773
3395
2942
3784
2466
705
1416
4187
3147
2910
3610
3923
209
3778
4382
2950
4344
2805
3095
1734
5699
3035
624
109
867
4075
1632
5369
4698
3937
2750
689
5523
3301
1612
2184
513
439
4881
1897
5205
716
1911
4755
26
1161
5637
4094
3330
770
4700
476
1363
3203
683
5525
2120
807
1005
4473
3658
1354
509
5567
1348
4007
3857
5657
744
3855
2990
1714
3587
1566
748
93
1101
2795
1023
5534
5615
1218
2705
3615
5145
2069
1792
3663
1115
5436
4160
2765
4018
1919
4209
5610
1989
3477
5536
100
1387
290
5329
1365
721
602
4612
2381
1913
960
285
1449
1537
5989
2337
4470
2951
2961
3834
2540
1974
4099
836
50
5702
588
2647
4456
5521
95
3864
3393
1748
3027
2280
2251
2414
239
3418
3709
1376
4306
2658
5547
2609
1263
5782
4897
7
1657
5474
4842
3941
1099
5671
2850
2826
2086
1153
4426
2529
196
3207
1591
3465
3309
453
1740
5052
1016
4757
3378
4072
5920
2919
1175
3257
2912
4290
2169
2265
1545
2370
3522
207
3355
1158
5350
2256
3067
5747
230
3032
2846
5317
2734
4096
2498
61
114
3659
1651
3177
2790
5652
5984
5182
4657
1457
929
5047
4229
5110
4044
800
1392
382
887
234
5995
88
3882
125
3725
2467
3918
5328
3573
2782
2391
5835
1458
5661
1152
3356
3013
4989
5649
4391
2406
2448
523
3322
2243
2524
2334
2073
380
1102
1463
1471
5912
3261
5185
211
2677
3331
420
4605
2842
1753
3961
980
1787
743
3265
4180
105
5
5654
910
2615
5094
520
972
3897
2979
5482
5756
3154
932
2092
3789
4537
5694
1717
906
5222
1709
3685
1984
2758
615
1641
148
2714
5814
1438
2697
1479
53
4250
4727
5121
5752
720
1262
2389
4327
4820
5087
1325
3751
5572
4396
2645
387
4990
2332
144
3458
2042
2856
1070
4956
5963
386
2165
3066
1184
1118
3483
4488
3006
1867
2716
5330
3320
569
5256
4257
3582
4915
1823
4398
1575
1186
2600
5910
167
2617
4476
804
2824
2521
1972
4791
3208
1966
1526
278
4263
2941
2198
5223
170
4809
1494
3040
5729
1724
282
4740
5165
2913
107
5384
4943
619
4910
5997
1048
5923
5640
4353
5231
5585
1733
4658
506
553
535
5137
606
2094
5230
231
4950
2022
4851
4081
4794
288
4801
5155
3832
3125
5076
4182
3106
337
3366
2861
3664
2019
3783
1851
2240
626
2718
5707
3307
5780
4935
4905
5840
3018
3904
4561
3634
1370
5016
2745
3198
1788
5973
5138
1667
1778
2205
2456
881
5589
3733
5700
4287
162
2989
5327
2927
5631
3660
2992
1670
2835
4012
4245
1896
4400
2047
5705
2841
971
5750
844
5663
699
5306
2404
4042
2228
5494
5554
4130
3577
69
1614
5206
853
4026
3009
2505
174
1809
118
974
4964
1250
5860
2418
3377
3748
3476
4431
1289
2238
4818
4065
806
596
3419
2962
5691
3022
2802
5467
4285
2212
797
3017
5239
3786
2948
4
3553
3683
5757
1782
5268
4958
1996
398
333
5108
2388
5046
1715
5558
1810
4322
3382
5689
407
4046
4955
1893
5688
4326
5730
2229
5668
2049
779
410
1723
1637
4144
5722
2598
2775
3175
3900
3604
870
74
5542
1582
2421
5774
1551
4276
5480
1737
1631
1123
528
3548
5599
1549
1511
2186
4261
5186
1201
3242
3133
4806
1598
5157
5659
5148
3759
1767
310
4667
5297
4903
5069
1336
1027
2626
4033
4901
2179
5175
5331
1395
1232
2682
2868
4705
5883
2210
5018
4174
1001
2629
1871
4063
2115
3031
3627
5738
2351
4373
3616
3024
5664
1249
2967
4296
4828
2087
2400
1021
996
1425
2140
140
1806
3490
2764
1542
5240
4317
655
426
2295
5093
3770
1213
4680
2135
4116
1253
372
300
3246
4222
4267
3973
3126
2072
199
5485
3872
3138
2602
3753
2
2017
3132
2170
1573
4361
33
4795
1169
550
5787
2266
287
3986
3875
4266
1672
1878
2683
395
3880
1705
218
1388
4451
5587
4421
2831
1360
3950
342
3162
5959
4965
1062
3014
4120
3033
2796
560
729
5677
1465
5335
4475
5361
1410
5088
2020
291
3432
1589
4957
5392
791
440
4089
4868
2329
1166
5303
120
4888
4221
2487
5210
1057
801
5675
873
3030
5686
3204
4902
97
4483
1040
4846
2606
384
2082
2255
9
3679
5592
2603
1850
1302
4581
2833
4775
1946
2680
4884
930
5038
320
2139
5433
4019
1609
5238
1635
4874
2039
3088
1797
2922
2239
5196
1235
761
808
2309
1925
1091
3710
2901
610
4031
3761
5194
4351
3591
5490
4668
2435
3927
2997
184
1908
545
692
3417
4152
1050
5028
1646
5322
1827
3025
373
1341
175
5541
5421
5737
4490
5333
1840
3758
5724
3579
698
1866
3266
20
2253
3235
10
5160
1239
3968
5749
489
1920
4380
177
795
1454
1747
24
3712
1615
335
5115
3251
772
4798
3935
4172
3340
447
3936
4314
4450
2854
5606
2183
4949
1176
5627
3631
1595
5252
5833
4695
5278
3094
3272
431
5351
704
4186
5362
3903
4347
682
2366
2481
115
246
3240
4822
2753
3766
4269
759
5347
4142
4649
3297
3150
296
481
5533
195
277
1497
4088
2173
841
1205
3097
3554
3186
353
2023
3315
5167
4459
4527
5455
5655
1999
365
265
2454
1193
6
2483
3870
1432
3389
3852
4487
5815
2986
1286
3966
163
3871
5846
1839
3248
5624
3995
3576
958
3853
4216
4114
1530
3773
541
1290
852
4077
709
1242
1736
2542
519
414
3799
1506
4403
2163
3841
732
2571
3041
267
2953
3119
5105
2172
1915
4437
5211
3511
5420
4742
1800
3913
2547
4652
3860
1167
5113
1192
1874
2189
2264
5580
5359
1243
667
3614
2987
2202
2479
3526
5321
4010
1837
1942
3371
3776
4183
4191
3599
2817
2472
1694
4367
2152
4941
4799
5839
2377
4408
2429
286
5130
3259
3058
878
5423
2523
4348
3594
4816
2074
2109
3846
1401
2057
5991
4053
3478
3274
1691
583
1680
3965
3493
1853
2512
2455
2674
2288
106
96
5957
315
4407
416
5720
4814
5586
5556
2811
4304
5744
5968
3064
2024
3238
5762
3891
2908
2509
2408
1525
1902
1664
2050
3883
3910
4277
4731
2690
4544
2206
5853
1230
1321
1274
634
5367
4404
5139
3873
5023
4119
5193
3925
5216
1069
2380
512
2636
5408
1111
2665
1231
3598
351
3193
2350
1842
5826
215
2773
1910
3392
4746
1770
3671
1934
5444
2277
4073
2354
3814
5381
1805
2190
1662
419
2889
1702
1087
4974
1381
171
4621
4518
257
3280
1202
78
2469
1689
29
3653
4237
374
2894
5499
4138
1819
5034
3111
2828
5085
4480
2208
898
5550
2821
3806
2972
5232
3794
4720
5770
3597
3942
338
4289
2531
5396
3574
1765
2899
4240
4643
2994
5584
142
3580
1745
3373
1825
2286
2218
2963
2851
3247
1270
5178
254
343
5012
5742
4124
4864
2502
446
1619
251
4939
5491
4394
1645
1352
717
5779
5559
5635
3255
544
428
4200
1520
2624
3681
894
355
4201
1653
1221
2125
5318
4146
4238
3570
1080
3376
3091
1931
173
220
5678
3422
3416
421
5443
4629
1640
4030
1345
5450
2712
3494
1315
491
2211
3915
826
1887
1951
4175
5818
198
347
901
2407
412
1971
5548
4265
2394
633
1329
4600
3743
5911
3271
463
2490
2312
4552
4533
3800
275
1414
1173
3539
1692
3460
967
5948
5530
2204
5319
1107
2132
3479
1967
2318
1564
5225
4664
5224
1903
4219
2627
2070
3344
3536
5887
1872
947
4184
1552
2075
3165
1743
848
2559
2488
303
3170
1464
2613
4968
777
2100
5626
879
2010
1198
3641
524
2278
3618
4987
4827
187
5674
3909
2549
2033
1269
2694
5817
4023
2376
854
1838
5908
3533
194
4281
4140
4402
669
1211
3036
4717
2701
4205
4500
496
54
4896
815
1182
2492
2193
2124
3896
5597
641
4389
1697
2147
154
4883
5390
3174
4082
2982
1180
5365
4961
4510
193
5141
4217
3436
119
1294
4945
2993
3691
1544
742
2501
4966
346
5414
4188
1502
4093
4370
3070
4204
1215
4844
4764
2921
5988
2935
4523
3559
903
5858
2968
3756
3847
321
3859
3850
232
5132
135
5822
2507
2372
3495
776
5913
3611
2494
4789
405
516
459
5336
5348
1258
225
4812
4618
3324
3277
1055
3523
1859
3981
1730
3054
5824
5670
1483
1217
1143
3728
5764
2684
1677
3385
1630
4090
2081
1209
5457
2746
4214
4892
829
1413
5208
1424
4154
4479
1746
309
5993
935
786
950
3630
4977
584
1442
1532
2123
4614
2285
153
1969
3182
2249
1652
4315
3008
818
450
1998
883
4406
2721
5785
5161
5611
4192
4524
4802
1431
3975
5690
1473
4734
284
789
927
5604
5017
3196
2637
4413
1150
3011
2129
1350
4190
1492
4932
3220
1968
4410
856
4135
5771
5449
4203
4424
4976
3765
3704
3427
1368
4696
942
3581
1954
5081
1204
5849
2657
297
1710
2067
4681
4469
2051
3932
3992
4059
250
542
116
5249
5373
55
3056
5346
2653
4270
3188
4713
1726
949
4733
3051
5136
1349
1435
2974
1833
4511
686
3547
1769
4627
5868
4934
1953
3023
186
4509
1310
2292
4334
3718
1428
2320
4525
3739
5895
3142
2137
82
1436
696
4145
2622
4368
866
3276
3183
3833
4242
1986
1009
902
4693
4305
5221
1185
129
16
5103
1628
3068
1486
2298
5790
2541
1622
1660
2546
5902
3750
4346
2015
268
4101
4747
2297
5286
51
352
2471
2733
1826
4434
546
2160
978
5994
2341
5262
3866
3969
1134
5544
4496
3791
3921
4040
4213
2519
4729
2095
5591
2688
2503
4492
2543
124
1320
329
2040
1267
3212
840
48
1472
719
1600
4228
396
2080
3218
390
5349
2858
899
1396
1844
2601
1803
5316
411
5884
4474
3402
4003
5528
1106
4516
884
235
5339
427
2563
2464
400
3946
2539
4185
2412
4793
5633
3328
5358
2819
5243
1210
2227
4034
1623
1444
4418
2356
104
4848
3583
613
2959
5583
4220
4134
2196
2166
2527
3195
5834
5169
5791
5975
1124
150
2436
2441
1260
324
924
469
1995
2926
47
3305
4131
5177
5639
4540
4032
1979
4064
5500
3428
5955
443
1557
5039
2730
1885
2916
1675
4594
4539
507
3520
3438
1159
538
3390
2260
2097
3093
325
1068
429
5033
3707
4694
4448
1038
5827
5570
5838
5075
5080
3156
5055
362
1443
3827
3603
5850
653
1835
3406
4596
3361
4163
3845
2405
1650
1994
2430
5778
192
706
1280
4247
4850
467
1813
5634
5158
2459
1744
2928
5996
3947
4835
1901
2934
5621
802
963
3742
510
5428
4173
824
127
4169
2158
975
327
4887
4364
399
4115
4039
1197
1804
5732
933
3642
4748
2432
4565
1626
2650
4432
5574
1633
1086
4076
5448
2016
4234
4378
5397
566
5308
3726
658
5477
1754
5594
2584
3120
3397
3844
629
5020
940
1039
18
959
5116
4158
679
1682
5713
5641
64
5071
2845
5666
1372
4760
1587
5263
796
4286
4610
3363
913
3299
687
4591
3763
1718
1374
5199
1578
3350
1131
1081
4613
3282
842
190
1271
2283
2171
5290
2932
5543
3189
5051
1303
1155
2534
1567
5880
5947
4615
3878
4125
3468
5907
5578
3121
4123
3267
2438
3711
3086
131
754
3219
3747
5636
4656
885
3467
3264
951
5409
274
2641
2500
5538
401
579
2037
2271
4178
3729
2738
3351
152
5773
1924
3858
939
3485
5386
5929
1018
2659
3386
5936
1226
1894
4070
589
790
5270
3829
4016
5563
3290
1346
2925
1252
5053
5862
2623
4676
2731
2419
4095
1857
1735
2981
5717
5704
2027
1562
5768
3304
1224
406
5706
1105
3640
1362
2797
1445
1611
2282
3566
4563
4057
540
527
4601
5398
1208
4840
4534
657
2482
205
14
98
1228
2130
4443
3919
5524
1883
5460
2999
3002
2695
5493
4006
84
2649
5163
1802
4702
2830
869
5472
5856
3678
2261
5313
1977
2748
4549
2568
5242
5162
2362
2099
62
5447
5402
5198
1046
1701
2367
2187
2403
1629
3444
1807
341
5927
336
5721
5919
1065
616
1987
2390
2161
5142
631
371
1855
233
2063
582
4503
5672
1711
3469
4513
5792
5518
5120
4819
846
4782
3949
1975
2387
2272
4967
3545
3958
1841
1861
1847
1659
5014
2150
2423
4543
1013
3951
3020
3145
2767
4763
1149
216
3807
3470
5469
2704
5149
2628
4769
2575
4311
4912
577
4852
2012
4916
452
3026
5492
3746
4877
5607
2003
2440
2589
1521
3364
1636
2806
4787
5364
5146
4929
1163
4208
2267
1822
3982
3197
4148
4235
495
5632
2270
2225
2273
5698
370
2924
1550
4420
271
181
994
4358
1404
522
1447
511
1932
112
138
2284
2093
302
1820
4895
2663
4275
5710
5714
3810
1560
1278
492
15
2142
4117
529
5820
4357
1287
5265
3977
5954
1716
4017
925
1453
2892
197
470
2654
5715
3821
2201
2535
5928
2995
299
2614
769
289
4655
217
5522
1505
944
672
1950
322
4446
2178
2777
4535
5603
1399
5783
1579
5864
4392
2478
3475
702
3798
4672
2907
91
442
5123
3812
5311
2976
4335
2956
2847
4467
5294
3645
3675
5476
3689
4024
1138
126
2077
4309
5874
1774
5733
2031
2373
1078
4041
1423
737
4642
2673
1398
2768
1059
2101
1227
2814
914
5623
3861
5147
1488
2852
5324
1570
3686
471
2570
5312
1334
4211
436
4390
4836
3869
3790
609
3412
5360
590
1122
530
415
5808
3038
3372
413
2001
3654
4811
1293
1541
4885
4562
3993
4548
4375
5823
1793
159
2059
5424
5802
3803
556
1627
3769
5170
3555
283
4206
2185
4771
4521
1188
1073
2420
839
2652
3446
4038
2222
814
5716
404
5431
331
1017
52
1749
1791
1127
5227
3881
5976
3698
2631
663
2335
5684
2893
66
2386
5314
4991
1088
3890
1157
2382
1084
2108
4611
1283
5486
1459
4153
4308
2257
1721
2588
3817
4622
4564
3607
768
2815
3092
4829
3848
4300
4630
2742
4360
2518
241
385
4493
3341
4800
305
775
1638
4482
4036
3348
3440
2525
213
5935
179
1654
4260
4329
2439
941
5740
101
3232
3209
1604
5354
5264
1642
3944
5209
2939
4936
3001
3929
2511
3529
3187
22
3249
2021
2328
311
642
5427
1882
5517
3963
1771
4176
72
2182
4983
3430
2217
2642
160
4454
1904
3057
3442
3777
1831
1862
3374
977
3647
2041
1655
3313
599
5950
4141
2561
3836
5261
701
332
3169
210
2431
767
851
260
2728
4653
1712
4299
3369
3291
5092
1860
2621
5000
5696
1004
319
2363
2156
34
1943
892
746
2816
4341
4086
4553
312
2427
1794
2520
981
43
4940
2612
5342
3346
5915
5560
2326
3665
58
3668
2823
478
2426
5122
264
63
5117
3472
5229
5416
1814
5458
3228
3345
1061
4337
2522
2878
4196
3590
3842
2526
916
2005
191
5391
4328
2662
4453
5345
1071
995
5077
2030
4151
3362
3787
4350
5410
1246
5875
1922
4051
2604
2346
5207
559
3535
2369
256
5035
1247
4677
3735
4707
2368
998
3690
1154
2215
4484
5515
2102
3491
1359
3914
5569
614
2918
3178
5295
2754
1403
1750
1340
5618
2735
3224
865
2148
5184
3021
3116
1189
202
4409
2144
224
2864
2475
3181
3343
3492
4412
2736
3481
793
1390
2357
1785
5180
3802
2838
4485
1035
2553
4826
1964
2141
1305
5571
2724
1889
2784
4832
1066
3388
5083
5832
3292
5405
5272
4068
221
4723
4576
3984
1720
5969
3621
3979
155
4529
2055
1661
4325
4486
214
725
558
3239
5063
1482
3593
4282
5679
1666
2980
4244
3403
1729
1067
4869
3564
2433
5903
4617
2726
5385
5283
805
525
2076
5596
1056
1051
1561
4231
4514
3768
266
4838
2772
4395
2778
1613
2254
3781
3839
1417
3488
4415
5128
2214
500
3337
4193
675
3901
3474
561
3471
4069
5816
4232
25
3506
2006
5974
5667
3561
2952
2425
483
2428
456
2319
4854
917
2230
188
919
820
718
4004
4590
688
3723
3633
3680
4538
35
3644
2884
5368
5680
377
1092
5097
5734
1762
4678
2269
2484
763
361
5109
1328
4750
4333
4679
5073
2710
2744
3359
5422
2727
28
1090
3435
2681
3575
1314
1584
4925
1868
928
5681
1288
2323
5899
2554
2195
5918
2359
4623
4972
2489
2698
3270
464
2415
2122
5379
4452
5977
304
2245
2848
117
5685
3639
3044
2402
5825
455
3628
2315
4768
5848
1006
3557
4856
4728
2801
1052
1162
3550
3484
2644
259
3724
145
4659
3840
5876
1308
258
68
5441
3085
182
4944
5731
2707
5112
5889
651
86
781
547
3714
3956
5859
798
424
5748
1944
4170
1139
11
3638
5212
219
4374
2002
3394
4861
2676
5275
2232
3448
3998
4933
108
330
137
531
5498
3221
3997
2180
5009
1095
4683
936
714
3214
3279
1441
4050
895
1174
1220
5050
4862
3352
5743
2128
5200
1108
1402
8
67
4338
2517
2794
2872
3252
1389
1577
2397
4841
2592
4383
4258
2757
4937
5106
2096
1254
4797
4028
344
3101
4464
1383
4703
5630
2573
3205
313
358
1133
5192
5539
3357
5939
4048
4900
314
4507
5164
3755
223
3828
465
128
1832
567
923
1377
4781
1849
5620
5203
262
2882
5844
441
5215
4336
5658
4440
4416
4634
3090
359
1929
2929
3917
5551
4252
5981
2113
4684
85
5171
4202
2902
3826
5059
3543
3042
857
5941
4414
2345
4994
3447
4502
1764
3649
1513
3613
594
360
5254
5380
2706
5893
2803
4279
356
3854
70
4011
2504
2537
1789
3409
3874
3144
4060
1343
823
5622
5143
5056
1899
2324
4691
5299
3505
2134
5933
1429
3312
5307
3296
2867
2078
2032
2855
2347
830
5568
3079
4318
2668
2114
4834
2458
5241
4508
4893
4027
364
4635
176
644
1261
1828
5060
2618
4803
3497
2906
3502
2340
2231
5197
3082
2054
515
3421
3391
110
5978
363
3856
1248
2234
5566
3713
2138
4165
4164
3227
3399
4551
2898
2088
5407
4904
5946
5855
432
1128
4356
1326
3999
4472
4103
4894
3439
40
2739
1783
2058
5775
4998
5301
3099
1605
1679
3294
381
794
549
4515
4288
2119
4359
5438
4557
722
4226
726
1576
1282
4670
3996
3461
3194
3837
5508
4817
4074
462
5190
985
764
4000
1178
3605
621
4113
5701
1203
5309
3450
2304
5992
1485
4741
1683
249
5285
809
3717
244
180
3696
859
1456
4810
810
2781
1732
4857
5683
3105
366
5374
4875
2287
4585
4973
1947
4307
2453
3052
4512
151
4468
3586
1884
4236
636
909
2168
5064
600
2191
4471
433
449
4706
4597
3632
1768
5555
3540
5173
5812
1962
3048
3071
5842
4332
3283
1470
2550
4749
71
5008
4388
5719
4554
1873
2477
1455
1824
81
2121
2586
3893
2046
3158
3295
5943
603
5277
5564
4859
2399
4495
2876
822
3884
3818
238
5310
605
2885
4253
1869
1982
3549
4463
1949
593
5010
2763
4029
3524
2445
3316
3670
4349
2720
2923
3084
3626
551
2317
4872
3727
2068
2110
4150
2809
3241
1330
1988
3380
1695
564
2616
1596
1816
756
3401
3053
3785
2450
3980
1229
4619
5857
2451
5074
4320
5970
2145
1478
3673
4181
3954
3568
2685
3849
4924
2199
1373
1411
5909
2862
5575
3831
2300
1379
4161
639
3926
2760
5870
574
2564
2146
2832
2779
2203
5511
3171
2532
2289
2590
2308
1120
1554
5452
378
1985
228
4704
5852
1382
2263
4520
4697
89
1313
1322
1384
1316
4660
5042
3732
4725
2544
5590
4104
2374
1098
1318
5987
536
4574
1875
1700
5709
5934
1877
134
5540
945
3179
4405
3462
2379
632
1484
3886
4942
643
5133
3734
4962
4583
2499
5767
4223
4313
3674
591
4609
83
3449
555
3606
984
1358
1536
1607
1603
4505
5926
4689
3862
397
5259
5697
966
4878
5323
2149
1487
4982
3285
1909
1466
1563
5453
4079
1834
2909
2396
1063
5865
752
2825
5945
2945
2752
1756
882
3525
3715
5549
2943
328
2181
4445
3124
423
1114
4773
3815
5745
4218
5389
969
3920
5896
273
517
2670
5273
4506
5983
3767
2486
123
4105
3989
2506
571
955
1668
2977
5255
4558
1462
1475
5643
3037
1799
168
5236
3795
2449
4080
2887
736
3015
3081
1319
1555
4712
3167
5037
473
90
954
451
2565
4745
3695
4465
3113
1669
4542
5461
5417
1531
5956
3148
2931
3811
2162
5553
1060
1043
973
1565
3365
3740
3108
2960
5061
5114
5801
1244
434
5759
5372
4517
3602
2857
1503
5660
5257
1529
4342
623
31
5429
920
2375
4823
2666
5258
831
1760
3609
3662
4602
1559
2154
837
4002
1923
5488
2276
422
1509
1959
4646
968
4718
1109
3512
1136
5412
3163
4808
80
4274
4127
5847
3959
676
2468
1096
2361
13
5419
1237
2661
4399
2274
1880
4106
1093
707
4624
5614
5266
279
4340
3213
5642
3243
1580
4066
3534
3317
4631
2485
4526
4783
2325
3955
1624
5676
2043
3293
472
2209
484
5727
3563
298
5665
3089
5751
3672
1777
317
1337
2582
3922
3636
1829
4376
2578
3813
598
2664
2011
3898
4777
989
1144
5481
3129
1332
1113
2883
5662
1375
2303
403
886
4324
1648
4825
30
4992
1491
3349
5036
3413
4107
792
4671
2970
488
1676
1708
5881
2873
1474
5879
1020
3298
875
771
4365
4796
576
1179
503
5470
1864
4037
3039
1673
1644
5800
185
827
1634
4210
2687
4692
1863
5430
1412
4207
1385
5866
2639
3542
3151
618
3762
757
5932
3562
3970
393
4049
2863
4550
4582
2581
575
637
5789
227
1936
5507
3433
2530
5371
92
3595
5066
5411
1142
1755
4786
4100
2914
2991
712
493
1079
3303
1606
3782
5803
5315
1906
4547
2808
2224
4246
4189
1342
4546
132
3771
5497
2877
4853
5401
3155
3835
345
1141
638
4555
3043
480
5914
3201
1592
5025
4638
2045
3496
438
1581
1941
5246
3166
272
2338
1956
3945
326
2155
4765
2696
2533
1407
2859
5725
212
5363
3360
1610
5650
4112
1165
745
3128
5811
5302
3139
4577
4751
3358
2495
3779
1116
1468
3110
3308
1508
2545
1663
1121
4587
4573
2048
5002
4001
4055
222
4981
782
1775
5463
3332
4137
1177
4439
2343
3624
1928
1312
2572
4849
5972
4778
3669
1339
3424
4790
3160
700
1160
1498
408
5695
5712
1022
5338
2904
2692
17
3387
1181
4845
5357
1223
3055
3816
5898
4284
2755
5513
5953
4986
2219
1110
987
376
2849
3253
4743
922
5140
1450
1801
554
5282
946
3353
5465
3192
3263
2946
2871
2311
5487
133
2679
5353
5646
2580
3005
5669
992
680
4685
3215
697
4927
5921
1741
5961
2330
505
4054
3528
5104
4946
2879
548
784
1008
5320
3381
4310
816
3895
4995
552
1590
646
4097
817
1397
4417
926
1688
3318
3737
3136
2497
627
4686
4608
3003
1935
2164
4651
5305
1759
2143
1212
4882
1480
1094
1347
5797
2608
2611
4067
3464
2675
3749
2667
2655
5049
102
694
4136
4821
2221
778
4645
5276
5337
4449
1419
1264
2741
3286
5656
1367
1199
1024
3661
2693
723
4736
2900
2244
5784
2620
2085
2360
2585
4923
4628
3327
1558
3016
3410
3130
1279
2411
1049
1077
5484
3161
368
2060
3109
3518
1191
3045
1240
121
5459
986
3700
46
4111
4166
252
3985
4455
4978
5557
236
3333
1891
5985
999
1514
113
4084
3801
3159
838
3329
5159
3278
4369
2591
4423
2116
5150
3487
952
5501
5134
3933
518
295
3157
4752
156
5562
3262
1795
3287
3405
383
2510
2066
4911
2820
5090
498
3530
204
964
4058
5387
504
4858
3819
1843
5809
4167
2064
3431
2751
4954
2392
5924
4654
1572
4988
586
2252
4428
4298
3544
5011
580
3738
4212
2651
1546
2197
3007
1042
2702
2839
3281
4805
3682
1965
4381
3059
773
3046
890
1415
3073
1245
4766
5189
2242
4871
2625
1918
2313
5819
1200
4197
3699
292
1222
1298
4372
2117
668
136
3775
3838
2788
2136
3830
2052
4052
1477
479
5201
4675
4963
4008
37
1585
3938
4724
5095
2643
3809
3060
4578
1687
4466
4425
2025
3531
5937
2840
1725
3657
5841
5187
1930
3319
2799
2869
1275
4599
3426
2151
3284
2709
392
751
1045
4779
3558
4637
2607
5234
3080
5576
5760
3899
307
645
5274
1742
1461
2279
4522
2579
4909
5537
3825
2250
1097
4110
5004
3172
497
3588
2409
3652
4831
3
3225
3237
4355
1817
4098
889
5366
3123
654
532
2761
1371
1074
4639
3546
5226
111
1386
3115
5029
3302
1916
3988
2648
1671
1272
1686
874
3217
2314
1533
3152
4294
3200
3072
4283
2174
4339
2555
3538
4436
2954
595
3635
3456
4730
5041
4603
5383
5509
2793
2969
4241
4674
454
3585
3805
674
4292
4199
2107
3991
73
1103
1961
494
5341
3911
143
5687
1781
1194
3234
2633
5892
1
834
3104
2365
5793
1033
3384
4716
5135
1790
1547
276
3459
780
146
178
2026
2810
715
2566
5878
1041
2632
858
5287
1276
5089
1421
3314
1268
1704
918
4091
4362
4501
1512
269
934
661
4118
2364
2880
1426
21
3254
2131
3578
3688
5228
3730
3096
2756
2153
2940
4633
1112
1306
785
5291
4833
3822
1082
3335
997
1569
5044
2241
2233
4384
2548
5043
2275
893
825
2322
301
4979
1219
1304
2038
2395
4804
4278
1888
905
1418
2175
3887
2036
2442
5960
4938
430
2770
2465
2597
5057
2686
485
4194
3370
3414
2462
3687
3118
649
4168
864
1010
2807
1452
2930
4647
2836
4015
1696
5101
713
3321
1126
247
5426
2699
3168
1406
4589
5638
3063
3185
1939
402
1015
350
3398
3705
1912
2226
2508
635
1265
5942
3888
5288
486
5304
166
5179
1553
5761
3940
4530
2890
4770
5940
1876
4708
755
1451
3983
1331
1616
3379
1297
4690
896
1317
534
5489
1523
861
2717
2594
1693
5949
4898
5435
4302
4122
1518
607
2159
3069
2339
5916
2897
2538
5370
2098
99
2009
3425
2474
4430
4960
3519
5292
4460
4280
2383
1037
4109
2127
3176
5781
3617
3976
3677
753
1699
270
957
5483
2306
1076
5601
1963
2268
5233
1780
5032
4159
3190
2493
1625
2293
891
1706
3077
4879
4650
255
1703
5529
862
1469
5595
2762
2336
4043
3889
5577
4784
4254
3368
4498
1357
5183
5296
3990
2248
1300
44
1025
3367
1125
4126
5019
3415
4528
5086
203
4669
1481
5629
2723
5126
5067
812
821
4233
5400
3924
3076
1818
3114
2007
4559
5805
501
5906
684
3752
3637
1075
3256
1148
208
87
3760
3269
2791
2353
2062
2630
4999
2296
976
1085
4301
2118
4644
2103
1784
3560
2014
787
4491
5125
2812
5821
1012
5938
4855
855
5754
673
2294
4323
678
3757
612
280
3905
2371
5332
1517
2911
5897
3879
1500
5608
1460
4071
5099
1656
2749
1597
4021
4256
3325
5861
3774
1685
897
4157
389
2915
2984
1291
2891
1945
3231
2917
2789
2443
1378
1608
3851
1752
3233
2577
4688
3877
662
5777
3383
3702
4737
4744
1164
243
5127
3078
2307
5836
4085
5904
1647
1993
5030
5217
1489
5153
1072
1938
3957
3541
2966
3029
1104
5425
4195
1796
3796
2084
3229
1117
5519
5886
4579
248
1958
2786
3684
2998
5810
2262
2957
2947
1658
3223
5021
1391
4504
5244
5776
2874
5619
5944
1937
2798
1281
4948
3722
5794
3908
3804
3703
5340
3061
3049
4726
1854
482
1019
3010
3824
5982
1786
357
4531
3146
543
2944
904
5651
5628
735
5851
4860
4343
5922
1440
4889
1030
860
3706
965
3967
490
394
3141
4387
3457
4147
5986
3569
5958
2333
4865
2018
2447
521
2587
5831
5279
4907
1713
183
2785
1183
3592
1948
5708
4422
1739
1602
5096
3808
5248
3140
2028
4754
3199
5930
685
2071
710
5013
1960
592
2780
727
943
1980
3625
2112
1574
982
4102
5837
2905
2090
2557
2416
3643
4133
1690
2881
5925
4970
1976
1206
2004
4132
367
711
4477
1621
3720
294
2378
2216
733
5535
2091
2247
5251
1728
2480
3865
871
141
4215
5765
5565
5885
388
45
1195
3978
3867
5588
1927
587
237
3584
5440
3694
1568
3572
164
2344
4662
5905
5506
4251
4259
460
4780
3948
5172
2424
2401
724
5873
3843
4078
2920
1815
2866
734
3608
318
4880
4062
3510
1147
3552
1722
5040
5325
5766
5545
4435
1858
1129
5882
5579
562
1327
1284
2079
608
339
1295
3943
1058
938
2776
5479
5250
2732
457
2246
5863
2983
4930
3741
731
774
1234
5966
1427
900
3934
5298
1808
811
2422
3434
1393
5119
4291
4711
2516
3516
2865
1434
1146
4721
5462
4837
3693
4847
1719
5375
435
5399
3655
5355
1970
1952
3306
1380
2965
1408
3964
880
4951
2783
4519
1594
4710
3868
263
4532
1255
2593
5220
4377
1400
2035
2747
149
3952
4083
2105
4444
5520
3676
3823
803
5796
5022
5334
3646
835
4478
1548
1599
3466
4922
1366
1011
206
3050
60
348
664
5300
2491
4056
4953
4774
306
3339
5082
487
3489
4593
1848
2413
5967
5403
2552
741
3245
5786
1476
122
49
2008
2903
833
4767
57
4489
5378
5795
1356
2660
3666
5027
3565
3601
448
3062
1583
1259
5475
3075
3004
2936
3916
5118
2844
4785
2349
565
5102
4331
4867
4427
4572
4776
3153
1758
3323
1617
5326
5952
3083
2985
3906
2358
3455
3211
3135
962
5971
1926
4121
5526
671
1241
1047
568
5253
5828
3107
2843
4393
4386
5404
172
5260
2605
4438
316
4701
5015
3454
1879
3164
5877
5219
161
5593
5735
1233
2551
4661
1026
354
2398
5293
5058
334
5807
5510
3429
799
5527
2671
5213
4171
23
2176
4843
819
2937
1543
1528
226
3226
3012
762
3623
2213
2771
5024
3907
4020
3244
5772
738
845
1299
3400
4567
2725
1187
130
340
3650
1890
4198
2973
3792
4906
308
3532
1172
912
1751
2610
4239
1881
4303
2656
4457
3622
1519
165
2896
2384
474
4899
2740
2536
466
611
948
4379
5003
1044
4061
5078
4271
5464
2104
622
1618
3656
281
5214
3451
5648
1156
5692
1003
242
708
2595
4569
2342
3408
877
5468
2558
1448
4230
648
1643
5693
2971
2766
2457
2837
379
189
4461
5174
3441
2496
425
2870
4984
3047
863
5218
4128
1865
1196
3509
1190
533
2299
788
4606
5890
5505
94
4919
2996
5202
563
5723
5799
5617
1798
5406
2223
1757
5344
4616
3930
728
5152
5168
4917
4758
4571
3173
1933
4462
1467
4876
5830
2978
813
2056
3375
2444
693
1556
747
5478
4588
158
4330
3772
1266
4863
4179
5393
4419
4715
1535
4441
3074
1323
3894
2576
1338
56
5098
3134
147
4371
5079
2715
2646
41
4682
1761
1707
2689
4243
4739
1433
4497
4009
2515
581
5512
375
1905
2640
5891
3514
5514
3863
369
3268
2634
2669
3250
750
2514
4366
4560
1917
3971
2446
3222
1296
4499
3000
4738
2385
4586
1032
5869
557
3216
1490
4014
4866
2111
4807
3258
5281
2800
4985
4908
3513
5124
1895
1014
5235
76
5990
872
5439
4545
5084
5573
4264
2321
2327
3112
4273
4155
5026
2301
832
461
4632
3087
5070
3721
5045
1277
5418
1409
3793
3423
3180
4494
647
2029
5682
783
1852
4035
2460
2813
4687
3736
2281
3499
4580
3206
0
5495
3994
3892
1238
2562
1538
5413
1420
3019
539
2290
1510
4993
3311
1586
1036
458
502
1738
2787
444
3708
3230
3503
4870
3501
739
1236
1307
2743
4714
1430
1285
1539
3098
1344
3202
970
703
1540
2759
5068
1394
660
2192
695
4225
908
4873
1593
2417
3567
2352
5741
4996
1534
5352
2583
5901
1170
665
5131
585
5647
1493
4570
3731
1499
5804
4447
5888
681
3486
526
42
5471
3719
4025
3184
2834
1002
3527
1437
5072
5466
5376
4363
2528
508
847
36
5269
3336
617
1763
5289
4458
3797
3065
4139
3117
5532
3629
2235
3354
5445
911
670
4354
5616
5718
691
32
3972
1836
1214
2470
1292
1997
2822
1257
2711
4536
4481
4699
3137
2236
3102
1053
418
2886
1957
3902
4575
2619
2220
2310
5176
1351
5964
2355
4013
2434
477
5144
659
1301
3342
4886
1522
4975
979
2860
2638
1309
4830
2476
201
5107
1355
3504
5166
1135
604
4673
5267
4143
2461
991
1892
4297
4045
1207
3537
157
2774
1527
3143
3620
760
1130
240
4092
5181
261
27
4813
2291
39
4047
3452
2331
1516
4541
5962
1856
5605
4248
2410
2167
2737
572
3876
1089
3437
3820
499
5845
4397
2888
5711
5005
3939
323
3122
2513
3571
578
3987
961
1766
2237
4640
4732
5798
2827
5204
4272
2393
1515
5653
229
5854
1681
5746
1674
4224
2302
630
620
4433
5753
4792
2949
2200
5065
1405
4759
5356
5645
5763
3517
5900
3473
1171
1698
79
475
1846
3260
740
3780
5245
3149
4556
1216
4584
2126
1324
4753
1422
5516
3420
628
3974
4087
1168
1727
5432
4129
4595
573
349
3127
139
2194
3407
4316
5598
1978
4442
4762
666
5111
5054
4663
3191
391
3289
1776
5728
5998
4568
4914
5561
1028
3396
2053
3338
3463
2722
2258
5156
570
2567
888
2719
2569
650
5446
4401
2988
5007
3521
5703
868
931
3515
5394
4918
4891
5434
4592
3103
5552
1364
2560
2034
3347
5442
2348
1779
5867
537
2574
2599
2853
4268
3210
5280
1501
5031
4005
2678
5872
1886
2473
3716
3885
956
5769
5091
1955
1034
3551
5100
38
4293
1620
5609
293
1145
1100
2804
2672
1678
4641
5001
4815
2188
1731
4566
4022
2975
3480
597
4177
59
65
5237
2106
514
2955
640
4772
5673
4321
1507
1772
1990
4890
5758
75
937
1132
765
3589
5415
1921
4735
4648
1588
652
3100
5788
828
849
3034
77
3667
4319
1983
2703
5613
5582
