71
598
641
668
721
730
780
876
1132
1192
1220
1121
1067
42
1012
374
910
61
1103
1157
369
424
1173
1191
1004
134
212
287
361
837
867
1190
974
341
149
977
963
1045
924
162
293
901
471
615
1155
1094
177
931
561
803
778
319
620
926
914
993
1041
566
391
1011
873
947
694
1042
399
165
874
1017
941
1243
1029
1128
472
345
1193
1060
462
802
1074
1244
847
1183
943
818
840
533
937
953
852
1010
1167
1171
493
886
691
965
180
77
538
1189
1152
1019
982
550
188
193
998
199
1253
1096
1089
1057
339
182
259
820
1007
150
271
907
816
981
356
1085
860
549
132
896
976
1198
889
920
431
1224
387
884
1215
299
969
774
862
921
854
107
1210
9
547
1048
1178
667
1209
76
1166
759
1025
1241
378
695
961
569
1153
994
995
1249
985
704
718
43
639
940
291
390
973
1248
960
821
181
168
11
1107
616
755
144
440
980
342
601
425
453
688
1263
84
1034
731
540
720
1016
422
938
902
93
189
863
217
823
506
618
106
885
1149
102
256
1211
1133
407
999
838
176
18
530
323
571
626
510
671
670
904
372
1000
895
851
1212
1175
1039
927
954
1233
260
576
1024
303
79
556
909
501
427
932
1235
783
1056
662
1015
915
48
1059
1031
563
1188
430
337
1130
568
870
608
916
475
1161
1112
950
1221
674
805
575
312
417
334
834
1030
891
327
83
658
1055
138
866
972
1122
29
990
714
210
929
945
806
527
750
485
913
1027
135
1261
988
1043
498
364
85
1023
633
1164
171
490
1
635
770
279
690
959
952
251
294
347
324
16
853
919
957
245
1051
247
1100
842
859
992
1006
363
548
370
335
983
151
439
179
375
1182
358
50
917
819
509
987
761
461
1150
468
685
304
1140
172
627
789
1204
395
282
377
446
760
1228
632
463
647
1227
494
903
848
799
1199
962
1187
3
257
86
224
677
480
1143
477
781
492
1099
558
784
1176
611
1071
1018
465
81
444
1180
1047
672
216
1119
318
451
1035
1061
1080
768
1079
1137
1163
511
1036
80
331
173
383
1160
225
850
813
314
649
519
741
329
307
697
122
500
10
505
579
423
482
467
54
1179
936
871
535
115
650
709
712
769
486
103
822
1068
60
412
763
272
553
1172
585
651
264
991
1081
22
808
1147
591
441
804
456
130
91
243
782
584
754
458
1229
597
1088
1236
621
380
418
402
1001
147
51
88
728
955
435
1005
32
793
683
723
7
470
1184
95
1098
66
877
928
1022
38
644
1021
1086
1126
1246
53
261
637
326
726
1044
736
705
869
777
858
273
280
1260
1200
605
97
1124
234
159
396
1207
532
110
351
94
1109
286
306
593
660
1104
1252
732
689
47
362
864
676
872
764
552
746
713
892
758
478
700
545
403
397
656
878
1226
905
1106
756
78
429
698
830
835
1125
200
880
167
725
1127
186
875
1070
333
996
923
64
24
724
124
1037
844
1129
487
1066
642
827
613
433
145
205
578
861
141
194
244
220
1195
939
843
522
382
202
295
1213
1218
606
366
828
1232
715
73
1077
587
98
857
661
1038
254
888
267
117
428
1225
488
1020
845
687
935
1170
289
523
722
881
975
160
368
1092
1197
82
640
365
1087
1240
1078
236
146
443
21
559
1084
39
12
373
357
628
69
865
400
317
161
1032
416
812
26
175
666
269
1072
551
111
1049
1065
795
614
232
1148
25
452
856
617
1046
1028
185
749
1156
432
454
588
70
276
405
1169
785
44
401
209
577
810
355
622
398
109
807
570
309
184
143
491
20
507
826
191
836
316
1162
230
8
394
211
413
250
679
868
753
126
442
437
0
297
752
643
1003
1208
529
153
1131
1040
376
1058
933
514
1026
208
652
411
1254
96
684
155
762
794
968
788
101
979
814
682
567
448
1108
1118
686
692
1105
419
680
582
496
388
92
381
942
742
882
483
701
911
1203
703
541
300
734
40
846
393
170
664
817
59
663
1237
630
63
386
420
255
572
72
738
708
415
445
281
214
971
964
174
195
57
925
898
573
158
1142
956
890
275
824
459
908
1064
653
970
599
1110
554
310
449
1168
1120
560
634
779
426
809
113
1076
127
1090
253
1257
223
883
1069
745
414
602
546
1214
729
197
624
944
636
136
1146
385
30
104
592
1205
262
156
343
675
410
5
45
580
849
1196
196
321
89
233
1083
6
313
125
1256
348
967
90
120
169
238
1117
315
371
1141
308
1063
108
539
696
589
265
544
219
900
352
767
258
240
612
948
450
252
28
447
787
1033
743
581
737
800
203
166
1154
457
123
1054
739
1222
270
1216
198
35
406
330
1014
1145
1230
1123
438
228
1202
473
984
353
833
934
607
562
139
379
1201
1008
1138
1116
1258
594
119
503
831
1247
65
1219
67
190
1009
1250
1259
711
27
595
1013
338
128
518
1234
531
542
879
499
55
218
776
1139
178
99
1091
1245
771
266
15
1115
311
855
951
33
1052
1097
163
508
74
301
654
1050
659
1181
221
565
958
164
278
516
655
986
239
434
893
489
133
1002
786
4
610
112
815
302
894
226
574
1062
349
409
1239
137
322
673
918
13
227
105
751
1165
114
1073
1135
207
56
504
766
1101
332
922
268
100
557
1144
710
344
772
129
515
192
629
346
305
215
455
1206
46
765
340
790
716
350
526
534
1075
19
520
604
298
87
748
517
1217
237
249
229
839
248
408
1093
118
1082
966
1158
536
1111
740
283
296
543
631
284
464
288
796
75
476
131
669
949
213
757
140
773
479
678
320
392
2
1174
474
157
154
1159
187
1223
1264
17
798
525
521
524
497
148
436
1255
811
328
1136
707
290
829
183
978
1102
825
404
665
1262
609
792
58
930
41
681
246
699
152
292
49
241
1238
693
997
735
389
899
832
469
325
384
646
897
775
235
1113
528
204
657
906
466
1185
68
625
359
645
52
231
336
600
1194
31
1053
841
623
801
142
37
1186
706
421
367
121
555
14
36
274
481
1151
797
1242
619
460
285
733
702
62
484
495
1231
222
586
201
719
1251
1114
23
206
263
590
502
277
1095
537
242
1177
727
912
512
354
583
744
564
1134
116
603
989
360
887
638
717
747
513
34
596
791
946
648
