29993
30520
30563
30590
30643
30652
30702
30798
31054
31114
31142
30296
30934
30283
30393
30989
31043
31113
29964
30832
31079
29983
30291
31095
30967
30056
30209
30346
30181
31112
30384
30537
30789
30263
30071
31120
30759
30963
30134
30267
30964
30394
30982
30823
31025
30782
30863
30241
30796
31016
30885
30996
31105
30084
30215
30899
30896
30169
31077
30616
30099
30700
30087
30261
30488
30869
30483
30865
30926
30054
30929
30853
30725
30313
31018
31093
30321
30874
30846
31089
30115
30951
30193
30542
31185
30875
30769
30829
30121
30472
29931
30920
30938
30353
31050
30102
30795
30923
30740
31175
30836
29925
30939
30491
30189
30269
30738
30892
30299
31146
30111
30640
31132
30932
30724
30979
30072
30681
31029
30178
31111
30636
30912
30103
30066
31082
30347
30811
30493
30132
30882
31007
30344
30110
30264
31074
31088
30699
30776
30309
30548
30721
30626
30538
31055
30903
30375
30589
30415
31075
31085
30977
30981
30904
30727
30329
30337
30653
30742
31137
30455
30966
31115
31122
29947
30294
30848
29985
30962
30029
30849
29951
30933
30221
30397
30001
29933
30593
30696
30469
30530
29965
30304
30940
30808
30300
30523
30028
30887
30915
30471
30213
30052
30554
31165
30872
30842
30090
30898
30139
30862
30617
30672
30428
30534
30561
30677
30245
30613
30610
30818
30831
30774
30234
31110
30750
30167
30592
31171
31150
30744
30378
30005
30497
30826
30024
30540
30179
30297
30407
31131
31183
30312
30104
30988
30837
30969
30990
30292
31134
30452
30703
31166
30159
30320
30907
29998
30322
31102
30813
30002
31062
30973
30838
30791
29986
30584
30692
30098
30219
30256
30883
30362
30402
29940
30372
30784
29999
30775
30060
30860
30065
30676
30682
30824
31133
30706
30762
31022
29970
30249
30240
31100
30635
30073
30462
30173
30734
30785
30361
30642
30225
30557
30956
30839
30559
30392
31127
30409
30905
30420
31104
30891
30201
30555
30634
30380
30019
30183
31090
30273
30902
31092
30739
30186
30859
31084
31034
30827
30788
30216
30550
30889
30927
31143
30101
30599
30916
30743
29946
30236
30325
31006
29975
30440
30339
30257
30980
30787
30044
30478
30580
29943
30451
30303
30498
30536
30427
29981
30390
29929
30006
30756
30928
30735
31170
29988
30649
30408
30278
30873
30399
30176
30475
30259
30806
30978
30562
30870
30352
30705
30315
30947
30383
30569
30449
30318
30507
30116
30665
30605
30772
30436
30528
31083
30771
30418
30246
30654
30843
30154
30627
30736
30226
30631
31124
30026
30412
29960
30644
30922
30773
29927
30272
30156
30195
30972
30426
30645
30533
30499
29938
30413
30188
30878
30551
30594
30305
30620
30194
30460
30136
30864
30454
30585
30564
30175
30113
30783
30835
30770
31130
31011
30549
30668
30527
30755
31118
30716
30894
30405
30127
30958
30085
30751
29989
30566
29994
30786
30095
29923
30155
30941
30704
30910
30109
30119
30909
30895
30150
30690
31101
30067
30994
30970
29973
30400
30481
30180
30867
30364
30792
30917
30552
30308
30897
30684
30152
29950
31087
30671
31184
30667
30057
30441
30153
30728
30326
30223
30147
29924
30003
30398
30007
30952
30790
30433
30780
30752
29930
30539
31063
30182
30737
30543
30764
30042
30879
30632
30284
30388
31080
30679
30880
30302
30583
30965
29922
30277
30571
30448
30411
31086
30485
31065
30858
30142
30921
30432
30366
30385
30546
30619
30639
31121
30906
30157
30061
30976
30799
29937
30630
30248
31031
30646
30055
30106
30876
30229
30295
31155
30148
30957
30016
30274
30753
30803
30612
30404
30253
30854
30745
31091
31125
30945
30611
30992
30075
30851
31071
29980
30793
29954
30998
30683
30624
30122
30948
30017
30685
31129
30045
30093
30607
30446
30730
30763
30474
30163
30395
30396
30043
30345
30041
30946
30444
30389
31008
29962
30841
31168
30285
30526
30711
31052
31097
30286
30275
30208
31116
29932
31151
30615
30674
30901
30382
30280
30202
30317
30586
30222
29976
31174
29928
30228
30908
30931
30349
30008
30572
30659
30522
30177
31000
30506
30861
30146
30629
30781
30271
30463
30377
31021
30338
30445
30513
31081
30596
30081
30290
30094
30431
30319
30357
31106
30568
30203
30204
29935
29997
30368
30760
30637
30265
30015
30746
30993
30686
30231
31078
30822
30515
30165
30158
30509
30961
30281
30971
30893
30232
30138
31028
30565
31010
30983
30606
30797
29969
30501
29944
29961
30914
30670
30268
31140
31041
30068
31149
31044
29982
30423
30239
30691
30038
30701
30641
31157
30840
31068
30814
30987
30160
31126
30732
30082
30757
30010
30675
30747
30664
30602
30749
31176
30013
30650
30351
30490
30999
30023
30754
30604
30342
30191
29996
30040
31014
30030
30778
29934
31144
30401
30039
31059
30618
30012
30817
31048
30242
30166
30661
30112
30717
30480
30422
30387
31158
31098
30953
30335
30651
29942
30500
30414
31182
30031
30032
30779
30918
30238
30807
30004
31148
31060
31135
31117
31020
30845
30804
30944
30310
30018
30890
30930
30936
31026
30270
30658
30251
30802
29995
30985
31186
30847
30307
29966
30371
30348
29948
30588
30244
30354
30601
30794
30235
30077
30678
30556
30063
30442
30479
30453
30857
30435
31163
30663
30331
30467
30886
30900
30959
31064
30913
30425
30884
30581
30489
30279
31009
30161
30825
30069
30350
30877
29957
30844
30025
29991
30117
31069
30722
30301
31123
30470
30276
30198
30233
31051
30502
30603
30421
30850
30328
30049
30108
30334
30492
30955
30991
30373
30324
30937
31152
30416
31138
30080
31047
31012
30369
30046
30217
31070
31141
30544
30187
30519
30622
30197
30767
30306
30812
30359
30960
29987
30333
29972
30647
30508
31072
31180
30529
31002
29941
31147
31109
30091
30230
30058
30140
30078
30801
29977
30710
30125
31094
30935
30260
30625
30777
31076
30514
30856
30881
30211
30149
30866
30250
30141
30047
30553
30535
30429
30340
31162
30464
30707
30254
30114
31099
30693
30410
30255
30137
30151
31156
31108
30648
31103
30200
31001
30000
30022
30288
31172
30089
30660
30457
30336
31128
30949
30591
29949
30123
30021
31040
30595
30468
30662
31003
30726
30355
30465
30243
30573
30695
30287
30237
31049
31038
30666
30083
30943
30370
30986
31154
30715
30638
30942
30517
31178
31039
30172
30438
30974
29952
30034
30363
30020
30130
30582
30741
30476
30118
30524
29939
30995
30096
30212
31023
30062
30097
30356
30623
30578
30327
29992
31169
30419
30289
29953
30456
30614
30403
30190
30574
30051
30376
31066
30680
30758
30461
30293
30810
30532
30694
30516
30576
31046
30227
31179
30033
31167
30074
30036
30673
30439
30124
30037
31119
31027
31037
30968
30050
29968
31177
30531
30206
31153
31173
29963
29978
30871
31136
30107
31032
30059
30609
30144
30298
31053
30220
30129
30311
30729
30009
30657
30450
30504
30262
30655
30723
30088
30100
30365
30133
29926
30510
30224
30800
29967
30587
30709
30505
30521
30207
30830
30323
31107
30541
30600
30473
31024
30092
30174
31035
30459
30720
30816
30765
31036
31005
31096
30447
30698
30466
31159
30833
30131
30391
30805
30494
30560
30145
30374
30766
30076
30687
30608
31164
30495
30984
29979
30558
30341
30621
30633
30950
30484
30597
30367
30035
30545
30252
30570
29974
30598
30997
30126
30708
29958
30258
30443
30434
30925
29955
31017
30192
30888
30210
30048
30577
30954
30381
30170
30748
30430
30503
31045
30761
30547
30014
30731
30332
30011
31145
30316
30656
30386
30120
31004
30768
30185
31042
31067
30218
30330
30379
30437
30184
30406
30575
30162
30511
30135
30820
30712
29936
30358
31013
30482
31019
31030
30086
30689
30171
30064
30718
30733
30105
30714
30815
30458
30053
30070
30079
30143
30919
30487
30821
30719
31161
31015
30852
30314
31058
30525
30266
30688
30199
31181
31160
31061
30828
30975
30697
30579
30417
30343
30027
30247
30809
31033
30168
30567
30360
31057
30855
29971
29945
30164
29990
30924
30205
30911
30496
31139
29984
29959
30214
30486
30819
30424
30128
30196
30669
31056
29956
30834
30868
30477
31073
30518
30628
30713
30512
30282
